1.1435987028081906
1.2145489217710486
1.1638516946282207
1.1836513862446454
1.1306496789303262
1.0411008351427178
1.1376996466431095
1.1010001523829347
1.1838992135901223
1.1338495106554252
1.078050599399668
1.2097487211767346
1.0923507048712298
1.0254008730161444
1.0672502726039057
1.2125501803718435
1.1968010529628887
1.2134500402437622
1.1982500723775211
1.1530495747452303
1.1802492911027642
1.2188490796940188
1.0908492159766616
1.1268515094642397
1.0369497328308985
1.1558514822987624
1.1813993286381885
1.1205491221516624
1.1912992905341944
1.2183512164966661
1.219548790234687
1.1768483312209546
1.045848729614526
1.1580485111538845
1.0692499376172881
1.0965513469538437
1.1671506595728143
1.1318002541258732
1.1800502975523517
1.1873504151923044
1.220049950122691
1.1367985068128557
1.0416997095869132
1.122550470664851
1.1796493974244697
1.1832488710841838
1.1708998076537627
1.0383491312566442
1.084200301059641
1.1821502716231564
0.8150817914823099
0.9991495435975125
1.0189985267425286
1.1319493898816662
1.086850407965845
1.1798001865492989
1.048949064942967
1.078648981812932
1.0230498296352606
1.1466489973993492
1.1818511262764346
1.0049496015707464
1.1293485278440911
1.1845516207443634
1.2041484677168786
1.188801368874
1.204451330972238
1.1291010643754356
1.0434491315984673
1.133851081357311
1.0968482951652054
1.1984509075981866
1.2164484272128748
1.228650449520064
0.9764497410346581
1.1718010193311015
1.185901753816747
1.2124488457315594
1.1865512900285065
1.1727508153734465
1.1695509260648995
1.1994513867723253
1.119849445324881
1.2164484272128748
1.1953017009060007
1.1820496338133966
1.226850873857507
1.1936008200322155
1.1571016691957512
1.122550470664851
1.0900486298838246
1.0730988654892002
1.184899907150831
1.2010506957116787
1.056650338917583
1.0191503092817336
1.1157482949782496
1.0980485320407865
1.2168999481596683
1.1769497623024539
